 [255 brutality/tactics/survival]
58100000 00930F20
58001000 00000068
58001000 00000090
78000000 00000150
64001000 00000000 000000FF
64001000 00000000 000000FF
64000000 00000000 000000FF

[Infinite potion]
58100000 00930F20
58001000 00000068
58001000 00000090
78000000 00000420
64000000 00000000 00000004

[gold 2000000000]
58100000 00930F20
58001000 00000068
58001000 00000080
78000000 00000058
64000000 00000000 77359400

[no CD]
58100000 00930F20
58001000 00000068
58001000 00000090
58001000 00000338
58001000 00000010
58001000 00000060
78000000 000000A4
64000000 00000000 00000000
78000000 00000148
64000000 00000000 00000000