[Inf HP AP]
58000000 04384248
78000000 000020E4
61000000 00000000 000000C8
58000000 04384248
78000000 000020E8
61000000 00000000 000000C8

[Inf Ammo]
58000000 04384248
78000000 00002160
61000000 00000000 000000C8
58000000 04384248
78000000 00002164
61000000 00000000 00000032
58000000 04384248
78000000 00002168
62000000 00000000 0000012C
58000000 04384248
78000000 0000216C
61000000 00000000 00000032

[Have Weapons Keys and Inf Ammo]
58000000 04384248
78000000 00002114
61000000 00000000 00000001
58000000 04384248
78000000 00002118
61000000 00000000 00000001
58000000 04384248
78000000 0000211C
61000000 00000000 00000001
58000000 04384248
78000000 00002144
61000000 00000000 00000001
58000000 04384248
78000000 00002148
61000000 00000000 00000001
58000000 04384248
78000000 0000214C
61000000 00000000 00000001
58000000 04384248
78000000 00002150
61000000 00000000 00000001
58000000 04384248
78000000 00002154
61000000 00000000 00000001
58000000 04384248
78000000 00002158
61000000 00000000 00000001
58000000 04384248
78000000 00002160
61000000 00000000 000000C8
58000000 04384248
78000000 00002164
61000000 00000000 00000032
58000000 04384248
78000000 00002168
62000000 00000000 0000012C
58000000 04384248
78000000 0000216C
61000000 00000000 00000032

[Have Weapons Keys and Inf Ammo]
58000000 04384248
78000000 00002114
61000000 00000000 00000001
58000000 04384248
78000000 00002118
61000000 00000000 00000001
58000000 04384248
78000000 0000211C
61000000 00000000 00000001
58000000 04384248
78000000 00002144
61000000 00000000 00000001
58000000 04384248
78000000 00002148
61000000 00000000 00000001
58000000 04384248
78000000 0000214C
61000000 00000000 00000001
58000000 04384248
78000000 00002150
61000000 00000000 00000001
58000000 04384248
78000000 00002154
61000000 00000000 00000001
58000000 04384248
78000000 00002158
61000000 00000000 00000001
58000000 04384248
78000000 00002160
61000000 00000000 000000C8
58000000 04384248
78000000 00002164
61000000 00000000 00000032
58000000 04384248
78000000 00002168
62000000 00000000 0000012C
58000000 04384248
78000000 0000216C
61000000 00000000 00000032